Internal Trigger Threshold Offsets for channels 0 to 63 : 

0.0080 0.025000 
-0.0018 0.037500 
-0.0002 0.032292 
0.0178 0.023958 
0.0346 0.019792 
0.0231 0.019792 
0.0231 0.019792 
0.0119 0.021875 
0.0303 0.015625 
0.0235 0.016667 
0.0245 0.016667 
0.0244 0.018750 
0.0229 0.018750 
0.0096 0.019792 
0.0269 0.013542 
0.0257 0.009375 
-0.0392 0.040625 
-0.0094 0.022917 
-0.0250 0.025000 
0.0017 0.017708 
0.0031 0.011458 
-0.0177 0.032292 
-0.0216 0.030208 
0.0195 0.000000 
0.0043 0.015625 
0.0191 0.003125 
0.0056 0.006250 
-0.0461 0.052083 
-0.0113 0.017708 
-0.0006 0.005208 
0.0373 -0.012500 
0.0140 0.000000 
-0.0039 0.028125 
-0.0107 0.032292 
0.0196 0.019792 
0.0271 0.014583 
0.0420 0.008333 
0.0298 0.012500 
0.0309 0.013542 
-0.0184 0.036458 
-0.0024 0.036458 
0.0234 0.010417 
0.0249 0.013542 
0.0325 0.008333 
0.0358 0.004167 
0.0576 -0.010417 
0.0258 0.012500 
0.0560 -0.008333 
0.0273 0.007292 
0.0139 0.013542 
0.0011 0.022917 
-0.0063 0.029167 
0.0050 0.016667 
0.0301 0.003125 
0.0231 0.014583 
0.0124 0.013542 
0.0253 0.007292 
0.0085 0.016667 
0.0072 0.017708 
0.0208 0.007292 
0.0275 0.000000 
0.0196 0.006250 
0.0155 0.008333 
0.0081 0.011458 
