Internal Trigger Threshold Offsets for channels 0 to 63 : 

0.0023 0.015625 
-0.0143 0.020833 
-0.0199 0.019792 
-0.0346 0.030208 
0.0069 0.005208 
0.0051 0.006250 
-0.0299 0.028125 
0.0059 0.005208 
-0.0178 0.017708 
-0.0088 0.020833 
0.0006 0.006250 
-0.0174 0.019792 
0.0007 0.009375 
-0.0066 0.013542 
0.0102 0.004167 
0.0104 0.002083 
-0.0083 0.026042 
-0.0132 0.032292 
0.0154 0.021875 
0.0224 0.013542 
0.0003 0.020833 
0.0286 0.006250 
0.0224 0.013542 
0.0231 0.011458 
-0.0059 0.022917 
-0.0300 0.041667 
-0.0060 0.025000 
0.0031 0.014583 
-0.0009 0.019792 
-0.0014 0.022917 
-0.0021 0.018750 
0.0133 0.012500 
0.0304 0.010417 
0.0231 0.014583 
0.0246 0.014583 
0.0055 0.033333 
0.0077 0.026042 
0.0156 0.019792 
-0.0217 0.057292 
0.0241 0.014583 
0.0087 0.026042 
0.0261 0.011458 
0.0080 0.025000 
0.0154 0.021875 
0.0186 0.019792 
0.0420 0.000000 
0.0170 0.016667 
0.0287 0.009375 
0.0035 0.016667 
-0.0167 0.032292 
0.0292 0.017708 
0.0048 0.015625 
0.0295 0.008333 
-0.0056 0.021875 
0.0033 0.015625 
0.0099 0.010417 
0.0033 0.015625 
0.0002 0.017708 
0.0099 0.010417 
0.0051 0.014583 
0.0079 0.013542 
0.0131 0.006250 
0.0099 0.010417 
0.0080 0.008333 
